<?xml version="1.0" encoding="utf-8"?>
<COLLADA xmlns="http://www.collada.org/2005/11/COLLADASchema" version="1.4.1">
  <asset><contributor><author></author><authoring_tool>FBX COLLADA exporter</authoring_tool><comments></comments></contributor><created>2018-12-05T21:28:30Z</created><keywords></keywords><modified>2018-12-05T21:28:30Z</modified><revision></revision><subject></subject><title></title><unit meter="0.010000" name="centimeter"></unit><up_axis>Y_UP</up_axis></asset>
  <library_animations>
    <animation id="joint2-anim" name="joint2"><animation><source id="joint2-Matrix-animation-input"><float_array id="joint2-Matrix-animation-input-array" count="80">

0.041667 0.083333 0.125000 0.166667 0.208333 0.250000 0.291667 0.333333 0.375000 0.416667 0.458333 0.500000 0.541667 0.583333 0.625000 0.666667
0.708333 0.750000 0.791667 0.833333 0.875000 0.916667 0.958333 1.000000 1.041667 1.083333 1.125000 1.166667 1.208333 1.250000 1.291667 1.333333
1.375000 1.416667 1.458333 1.500000 1.541667 1.583333 1.625000 1.666667 1.708333 1.750000 1.791667 1.833333 1.875000 1.916667 1.958333 2.000000
2.041667 2.083333 2.125000 2.166667 2.208333 2.250000 2.291667 2.333333 2.375000 2.416667 2.458333 2.500000 2.541667 2.583333 2.625000 2.666667
2.708333 2.750000 2.791667 2.833333 2.875000 2.916667 2.958333 3.000000 3.041667 3.083333 3.125000 3.166667 3.208333 3.250000 3.291667 3.333333</float_array><technique_common><accessor source="#joint2-Matrix-animation-input-array" count="80"><param name="TIME" type="float"/></accessor></technique_common></source><source id="joint2-Matrix-animation-output-transform"><float_array id="joint2-Matrix-animation-output-transform-array" count="1280">

0.999894 -0.000000 -0.014528 11.534149 0.000000 1.000000 -0.000000 0.000000 0.014528 -0.000000 0.999894 0.058253 0.000000 0.000000 0.000000 1.000000
0.999890 -0.002977 -0.014528 11.534149 0.002977 0.999996 0.000000 0.000000 0.014528 -0.000043 0.999894 0.058253 0.000000 0.000000 0.000000 1.000000
0.999826 -0.011743 -0.014528 11.534149 0.011744 0.999931 -0.000000 0.000000 0.014527 -0.000171 0.999894 0.058253 0.000000 0.000000 0.000000 1.000000
0.999555 -0.026049 -0.014528 11.534149 0.026052 0.999661 0.000000 0.000000 0.014523 -0.000378 0.999894 0.058253 0.000000 0.000000 0.000000 1.000000
0.998852 -0.045642 -0.014528 11.534149 0.045647 0.998958 -0.000000 0.000000 0.014513 -0.000663 0.999894 0.058253 0.000000 0.000000 0.000000 1.000000
0.997423 -0.070257 -0.014528 11.534149 0.070264 0.997528 0.000000 0.000000 0.014492 -0.001021 0.999894 0.058253 0.000000 0.000000 0.000000 1.000000
0.994921 -0.099609 -0.014528 11.534149 0.099620 0.995026 0.000000 0.000000 0.014456 -0.001447 0.999894 0.058253 0.000000 0.000000 0.000000 1.000000
0.990957 -0.133394 -0.014528 11.534149 0.133408 0.991061 0.000000 0.000000 0.014398 -0.001938 0.999894 0.058253 0.000000 0.000000 0.000000 1.000000
0.985116 -0.171273 -0.014528 11.534149 0.171291 0.985220 0.000000 0.000000 0.014314 -0.002489 0.999894 0.058253 0.000000 0.000000 0.000000 1.000000
0.976972 -0.212874 -0.014528 11.534149 0.212897 0.977075 0.000000 0.000000 0.014195 -0.003093 0.999894 0.058253 0.000000 0.000000 0.000000 1.000000
0.966093 -0.257784 -0.014528 11.534149 0.257811 0.966195 -0.000000 0.000000 0.014037 -0.003746 0.999894 0.058253 0.000000 0.000000 0.000000 1.000000
0.952066 -0.305547 -0.014528 11.534149 0.305579 0.952167 -0.000000 0.000000 0.013833 -0.004440 0.999894 0.058253 0.000000 0.000000 0.000000 1.000000
0.934502 -0.355662 -0.014528 11.534149 0.355700 0.934600 0.000000 0.000000 0.013578 -0.005168 0.999894 0.058253 0.000000 0.000000 0.000000 1.000000
0.913050 -0.407588 -0.014528 11.534149 0.407631 0.913147 0.000000 0.000000 0.013267 -0.005922 0.999894 0.058253 0.000000 0.000000 0.000000 1.000000
0.887414 -0.460744 -0.014528 11.534149 0.460793 0.887508 0.000000 0.000000 0.012894 -0.006695 0.999894 0.058253 0.000000 0.000000 0.000000 1.000000
0.857359 -0.514514 -0.014528 11.534149 0.514569 0.857449 -0.000000 0.000000 0.012457 -0.007476 0.999894 0.058253 0.000000 0.000000 0.000000 1.000000
0.822721 -0.568259 -0.014528 11.534149 0.568319 0.822808 0.000000 0.000000 0.011954 -0.008257 0.999894 0.058253 0.000000 0.000000 0.000000 1.000000
0.783420 -0.621323 -0.014528 11.534149 0.621388 0.783503 -0.000000 0.000000 0.011383 -0.009028 0.999894 0.058253 0.000000 0.000000 0.000000 1.000000
0.739460 -0.673044 -0.014528 11.534149 0.673115 0.739538 -0.000000 0.000000 0.010744 -0.009779 0.999894 0.058253 0.000000 0.000000 0.000000 1.000000
0.690935 -0.722771 -0.014528 11.534149 0.722847 0.691008 0.000000 0.000000 0.010039 -0.010502 0.999894 0.058253 0.000000 0.000000 0.000000 1.000000
0.638032 -0.769873 -0.014528 11.534149 0.769954 0.638099 -0.000000 0.000000 0.009271 -0.011186 0.999894 0.058253 0.000000 0.000000 0.000000 1.000000
0.581025 -0.813756 -0.014528 11.534149 0.813842 0.581086 -0.000000 0.000000 0.008442 -0.011824 0.999894 0.058253 0.000000 0.000000 0.000000 1.000000
0.520274 -0.853876 -0.014528 11.534149 0.853966 0.520329 0.000000 0.000000 0.007560 -0.012407 0.999894 0.058253 0.000000 0.000000 0.000000 1.000000
0.456216 -0.889750 -0.014528 11.534149 0.889844 0.456264 -0.000000 0.000000 0.006629 -0.012928 0.999894 0.058253 0.000000 0.000000 0.000000 1.000000
0.389359 -0.920971 -0.014528 11.534149 0.921069 0.389400 0.000000 0.000000 0.005657 -0.013382 0.999894 0.058253 0.000000 0.000000 0.000000 1.000000
0.320265 -0.947217 -0.014528 11.534149 0.947317 0.320298 0.000000 0.000000 0.004653 -0.013763 0.999894 0.058253 0.000000 0.000000 0.000000 1.000000
0.249540 -0.968256 -0.014528 11.534149 0.968358 0.249566 -0.000000 0.000000 0.003626 -0.014069 0.999894 0.058253 0.000000 0.000000 0.000000 1.000000
0.177819 -0.983956 -0.014528 11.534149 0.984060 0.177838 -0.000000 0.000000 0.002584 -0.014297 0.999894 0.058253 0.000000 0.000000 0.000000 1.000000
0.105753 -0.994286 -0.014528 11.534149 0.994391 0.105764 0.000000 0.000000 0.001537 -0.014447 0.999894 0.058253 0.000000 0.000000 0.000000 1.000000
0.033987 -0.999317 -0.014528 11.534149 0.999422 0.033991 -0.000000 0.000000 0.000494 -0.014520 0.999894 0.058253 0.000000 0.000000 0.000000 1.000000
-0.036846 -0.999215 -0.014528 11.534149 0.999321 -0.036850 -0.000000 0.000000 -0.000535 -0.014518 0.999894 0.058253 0.000000 0.000000 0.000000 1.000000
-0.106148 -0.994244 -0.014528 11.534149 0.994349 -0.106159 0.000000 0.000000 -0.001542 -0.014446 0.999894 0.058253 0.000000 0.000000 0.000000 1.000000
-0.173360 -0.984751 -0.014528 11.534149 0.984855 -0.173378 -0.000000 0.000000 -0.002519 -0.014308 0.999894 0.058253 0.000000 0.000000 0.000000 1.000000
-0.237979 -0.971162 -0.014528 11.534149 0.971264 -0.238004 -0.000000 0.000000 -0.003458 -0.014111 0.999894 0.058253 0.000000 0.000000 0.000000 1.000000
-0.299562 -0.953966 -0.014528 11.534149 0.954067 -0.299594 0.000000 0.000000 -0.004353 -0.013861 0.999894 0.058253 0.000000 0.000000 0.000000 1.000000
-0.357737 -0.933709 -0.014528 11.534149 0.933808 -0.357775 0.000000 0.000000 -0.005198 -0.013567 0.999894 0.058253 0.000000 0.000000 0.000000 1.000000
-0.412198 -0.910978 -0.014528 11.534149 0.911075 -0.412242 0.000000 0.000000 -0.005989 -0.013236 0.999894 0.058253 0.000000 0.000000 0.000000 1.000000
-0.462714 -0.886389 -0.014528 11.534149 0.886482 -0.462763 -0.000000 0.000000 -0.006723 -0.012879 0.999894 0.058253 0.000000 0.000000 0.000000 1.000000
-0.509121 -0.860572 -0.014528 11.534149 0.860663 -0.509175 -0.000000 0.000000 -0.007397 -0.012504 0.999894 0.058253 0.000000 0.000000 0.000000 1.000000
-0.551320 -0.834167 -0.014528 11.534149 0.834255 -0.551378 0.000000 0.000000 -0.008011 -0.012120 0.999894 0.058253 0.000000 0.000000 0.000000 1.000000
-0.589271 -0.807805 -0.014528 11.534149 0.807890 -0.589333 -0.000000 0.000000 -0.008562 -0.011737 0.999894 0.058253 0.000000 0.000000 0.000000 1.000000
-0.622981 -0.782102 -0.014528 11.534149 0.782185 -0.623047 -0.000000 0.000000 -0.009052 -0.011364 0.999894 0.058253 0.000000 0.000000 0.000000 1.000000
-0.652496 -0.757653 -0.014528 11.534149 0.757733 -0.652565 -0.000000 0.000000 -0.009481 -0.011009 0.999894 0.058253 0.000000 0.000000 0.000000 1.000000
-0.677890 -0.735020 -0.014528 11.534149 0.735097 -0.677962 0.000000 0.000000 -0.009850 -0.010680 0.999894 0.058253 0.000000 0.000000 0.000000 1.000000
-0.699249 -0.714731 -0.014528 11.534149 0.714806 -0.699323 -0.000000 0.000000 -0.010160 -0.010385 0.999894 0.058253 0.000000 0.000000 0.000000 1.000000
-0.716659 -0.697272 -0.014528 11.534149 0.697346 -0.716735 -0.000000 0.000000 -0.010413 -0.010131 0.999894 0.058253 0.000000 0.000000 0.000000 1.000000
-0.730193 -0.683087 -0.014528 11.534149 0.683159 -0.730270 0.000000 0.000000 -0.010610 -0.009925 0.999894 0.058253 0.000000 0.000000 0.000000 1.000000
-0.739893 -0.672568 -0.014528 11.534149 0.672639 -0.739971 -0.000000 0.000000 -0.010751 -0.009772 0.999894 0.058253 0.000000 0.000000 0.000000 1.000000
-0.745761 -0.666055 -0.014528 11.534149 0.666125 -0.745840 0.000000 0.000000 -0.010836 -0.009678 0.999894 0.058253 0.000000 0.000000 0.000000 1.000000
-0.747741 -0.663832 -0.014528 11.534149 0.663902 -0.747820 0.000000 0.000000 -0.010865 -0.009645 0.999894 0.058253 0.000000 0.000000 0.000000 1.000000
-0.742569 -0.669612 -0.014528 11.534149 0.669683 -0.742647 -0.000000 0.000000 -0.010789 -0.009729 0.999894 0.058253 0.000000 0.000000 0.000000 1.000000
-0.727272 -0.686196 -0.014528 11.534149 0.686269 -0.727348 0.000000 0.000000 -0.010567 -0.009970 0.999894 0.058253 0.000000 0.000000 0.000000 1.000000
-0.701878 -0.712149 -0.014528 11.534149 0.712224 -0.701952 -0.000000 0.000000 -0.010198 -0.010347 0.999894 0.058253 0.000000 0.000000 0.000000 1.000000
-0.666148 -0.745678 -0.014528 11.534149 0.745757 -0.666219 0.000000 0.000000 -0.009679 -0.010835 0.999894 0.058253 0.000000 0.000000 0.000000 1.000000
-0.619731 -0.784680 -0.014528 11.534149 0.784763 -0.619796 0.000000 0.000000 -0.009005 -0.011401 0.999894 0.058253 0.000000 0.000000 0.000000 1.000000
-0.562322 -0.826791 -0.014528 11.534149 0.826878 -0.562381 0.000000 0.000000 -0.008170 -0.012013 0.999894 0.058253 0.000000 0.000000 0.000000 1.000000
-0.493807 -0.869450 -0.014528 11.534149 0.869542 -0.493859 -0.000000 0.000000 -0.007175 -0.012633 0.999894 0.058253 0.000000 0.000000 0.000000 1.000000
-0.414390 -0.909983 -0.014528 11.534149 0.910079 -0.414434 0.000000 0.000000 -0.006021 -0.013222 0.999894 0.058253 0.000000 0.000000 0.000000 1.000000
-0.324685 -0.945711 -0.014528 11.534149 0.945810 -0.324719 -0.000000 0.000000 -0.004718 -0.013741 0.999894 0.058253 0.000000 0.000000 0.000000 1.000000
-0.225774 -0.974071 -0.014528 11.534149 0.974174 -0.225798 -0.000000 0.000000 -0.003280 -0.014153 0.999894 0.058253 0.000000 0.000000 0.000000 1.000000
-0.119224 -0.992761 -0.014528 11.534149 0.992866 -0.119237 0.000000 0.000000 -0.001732 -0.014425 0.999894 0.058253 0.000000 0.000000 0.000000 1.000000
-0.007048 -0.999870 -0.014528 11.534149 0.999975 -0.007049 0.000000 0.000000 -0.000102 -0.014528 0.999894 0.058253 0.000000 0.000000 0.000000 1.000000
0.108371 -0.994004 -0.014528 11.534149 0.994109 0.108383 0.000000 0.000000 0.001575 -0.014443 0.999894 0.058253 0.000000 0.000000 0.000000 1.000000
0.224405 -0.974388 -0.014528 11.534149 0.974491 0.224429 0.000000 0.000000 0.003261 -0.014158 0.999894 0.058253 0.000000 0.000000 0.000000 1.000000
0.338326 -0.940917 -0.014528 11.534149 0.941016 0.338362 0.000000 0.000000 0.004916 -0.013671 0.999894 0.058253 0.000000 0.000000 0.000000 1.000000
0.447476 -0.894178 -0.014528 11.534149 0.894272 0.447523 0.000000 0.000000 0.006502 -0.012992 0.999894 0.058253 0.000000 0.000000 0.000000 1.000000
0.549432 -0.835412 -0.014528 11.534149 0.835500 0.549490 -0.000000 0.000000 0.007983 -0.012138 0.999894 0.058253 0.000000 0.000000 0.000000 1.000000
0.642159 -0.766434 -0.014528 11.534149 0.766515 0.642226 0.000000 0.000000 0.009330 -0.011136 0.999894 0.058253 0.000000 0.000000 0.000000 1.000000
0.724122 -0.689519 -0.014528 11.534149 0.689592 0.724198 -0.000000 0.000000 0.010521 -0.010019 0.999894 0.058253 0.000000 0.000000 0.000000 1.000000
0.794373 -0.607257 -0.014528 11.534149 0.607321 0.794457 0.000000 0.000000 0.011542 -0.008823 0.999894 0.058253 0.000000 0.000000 0.000000 1.000000
0.852575 -0.522403 -0.014528 11.534149 0.522458 0.852665 -0.000000 0.000000 0.012388 -0.007590 0.999894 0.058253 0.000000 0.000000 0.000000 1.000000
0.898988 -0.437731 -0.014528 11.534149 0.437778 0.899083 0.000000 0.000000 0.013062 -0.006360 0.999894 0.058253 0.000000 0.000000 0.000000 1.000000
0.934409 -0.355906 -0.014528 11.534149 0.355943 0.934508 0.000000 0.000000 0.013577 -0.005171 0.999894 0.058253 0.000000 0.000000 0.000000 1.000000
0.960069 -0.279384 -0.014528 11.534149 0.279414 0.960171 -0.000000 0.000000 0.013950 -0.004059 0.999894 0.058253 0.000000 0.000000 0.000000 1.000000
0.977517 -0.210357 -0.014528 11.534149 0.210379 0.977620 0.000000 0.000000 0.014203 -0.003056 0.999894 0.058253 0.000000 0.000000 0.000000 1.000000
0.988469 -0.150727 -0.014528 11.534149 0.150743 0.988573 -0.000000 0.000000 0.014362 -0.002190 0.999894 0.058253 0.000000 0.000000 0.000000 1.000000
0.994666 -0.102122 -0.014528 11.534149 0.102133 0.994771 -0.000000 0.000000 0.014452 -0.001484 0.999894 0.058253 0.000000 0.000000 0.000000 1.000000
0.997718 -0.065941 -0.014528 11.534149 0.065948 0.997823 0.000000 0.000000 0.014497 -0.000958 0.999894 0.058253 0.000000 0.000000 0.000000 1.000000
0.998952 -0.043413 -0.014528 11.534149 0.043417 0.999057 0.000000 0.000000 0.014515 -0.000631 0.999894 0.058253 0.000000 0.000000 0.000000 1.000000
0.999258 -0.035663 -0.014528 11.534149 0.035667 0.999364 0.000000 0.000000 0.014519 -0.000518 0.999894 0.058253 0.000000 0.000000 0.000000 1.000000</float_array><technique_common><accessor source="#joint2-Matrix-animation-output-transform-array" count="80" stride="16"><param type="float4x4"/></accessor></technique_common></source><source id="joint2-Interpolations"><Name_array id="joint2-Interpolations-array" count="80">
 LINEAR LINEAR LINEAR LINEAR LINEAR LINEAR LINEAR LINEAR LINEAR LINEAR LINEAR
LINEAR LINEAR LINEAR LINEAR LINEAR LINEAR LINEAR LINEAR LINEAR LINEAR LINEAR LINEAR
LINEAR LINEAR LINEAR LINEAR LINEAR LINEAR LINEAR LINEAR LINEAR LINEAR LINEAR LINEAR
LINEAR LINEAR LINEAR LINEAR LINEAR LINEAR LINEAR LINEAR LINEAR LINEAR LINEAR LINEAR
LINEAR LINEAR LINEAR LINEAR LINEAR LINEAR LINEAR LINEAR LINEAR LINEAR LINEAR LINEAR
LINEAR LINEAR LINEAR LINEAR LINEAR LINEAR LINEAR LINEAR LINEAR LINEAR LINEAR LINEAR
LINEAR LINEAR LINEAR LINEAR LINEAR LINEAR LINEAR LINEAR LINEAR</Name_array><technique_common><accessor source="#joint2-Interpolations-array" count="80"><param type="name"/></accessor></technique_common></source><sampler id="joint2-Matrix-animation-transform"><input semantic="INPUT" source="#joint2-Matrix-animation-input"/><input semantic="OUTPUT" source="#joint2-Matrix-animation-output-transform"/><input semantic="INTERPOLATION" source="#joint2-Interpolations"/></sampler><channel source="#joint2-Matrix-animation-transform" target="joint2/matrix"/></animation><animation><source id="joint2-visibility-animation-input"><float_array id="joint2-visibility-animation-input-array" count="3">

0.041667 2.083333 3.333333</float_array><technique_common><accessor source="#joint2-visibility-animation-input-array" count="3"><param name="TIME" type="float"/></accessor></technique_common></source><source id="joint2-visibility-animation-output"><float_array id="joint2-visibility-animation-output-array" count="3">

1.000000 1.000000 1.000000</float_array><technique_common><accessor source="#joint2-visibility-animation-output-array" count="3"><param type="float"/></accessor></technique_common></source><source id="joint2-visibility-animation-intan"><float_array id="joint2-visibility-animation-intan-array" count="3">

0.000000 0.000000 0.000000</float_array><technique_common><accessor source="#joint2-visibility-animation-intan-array" count="3"><param type="float"/></accessor></technique_common></source><source id="joint2-visibility-animation-outtan"><float_array id="joint2-visibility-animation-outtan-array" count="3">

0.000000 0.000000 0.000000</float_array><technique_common><accessor source="#joint2-visibility-animation-outtan-array" count="3"><param type="float"/></accessor></technique_common></source><source id="joint2-visibility-animation-interpolation"><Name_array id="joint2-visibility-animation-interpolation-array" count="3">
 STEP STEP STEP</Name_array><technique_common><accessor source="#joint2-visibility-animation-interpolation-array" count="3"><param type="name"/></accessor></technique_common></source><sampler id="joint2-visibility-animation"><input semantic="INPUT" source="#joint2-visibility-animation-input"/><input semantic="OUTPUT" source="#joint2-visibility-animation-output"/><input semantic="IN_TANGENT" source="#joint2-visibility-animation-intan"/><input semantic="OUT_TANGENT" source="#joint2-visibility-animation-outtan"/><input semantic="INTERPOLATION" source="#joint2-visibility-animation-interpolation"/></sampler><channel source="#joint2-visibility-animation" target="joint2/visibility"/></animation></animation>
  </library_animations>
  <library_lights>
    <light id="directionalLight1-light" name="directionalLight1-light">
      <technique_common>
        <directional>
          <color sid="color">1.000000 1.000000 1.000000</color>
        </directional>
      </technique_common>
      <technique profile="MAYA">
        <intensity sid="intensity">1.000000</intensity>
      </technique>
    </light>
    <light id="_ncl1_1" name="_ncl1_1">
      <technique_common>
        <point>
          <color sid="color">1.000000 1.000000 1.000000</color>
        </point>
      </technique_common>
      <technique profile="MAYA">
        <intensity sid="intensity">1.000000</intensity>
      </technique>
    </light>
  </library_lights>
  <library_visual_scenes>
    <visual_scene id="skinBrick" name="skinBrick">
      <node name="directionalLight1" id="directionalLight1" sid="directionalLight1"><matrix sid="matrix">1.000000 0.000000 0.000000 0.000000 0.000000 1.000000 0.000000 0.000000 0.000000 0.000000 1.000000 0.000000 0.000000 0.000000 0.000000 1.000000</matrix><instance_light url="#directionalLight1-light"/><extra><technique profile="FCOLLADA"><visibility>1.000000</visibility></technique></extra></node>
      <node name="ambientLight1" id="ambientLight1" sid="ambientLight1"><matrix sid="matrix">1.000000 0.000000 0.000000 0.000000 0.000000 1.000000 0.000000 0.000000 0.000000 0.000000 1.000000 0.000000 0.000000 0.000000 0.000000 1.000000</matrix><instance_light url="#_ncl1_1"/><extra><technique profile="FCOLLADA"><visibility>0.000000</visibility></technique></extra></node>
      <node name="pCube1" id="pCube1" sid="pCube1"><matrix sid="matrix">1.000000 0.000000 -0.000000 0.098564 -0.000000 1.000000 -0.000000 1.238209 0.000000 0.000000 1.000000 -1.195272 0.000000 0.000000 0.000000 1.000000</matrix><extra><technique profile="FCOLLADA"><visibility>1.000000</visibility></technique></extra></node>
      <node name="joint1" id="joint1" sid="joint1" type="JOINT"><matrix sid="matrix">-0.999987 0.005050 0.000000 11.588000 0.000000 -0.000000 1.000000 -30.000000 0.005050 0.999987 0.000000 25.000000 0.000000 0.000000 0.000000 1.000000</matrix><extra><technique profile="FCOLLADA"><visibility>1.000000</visibility></technique></extra><node name="joint2" id="joint2" sid="joint2" type="JOINT"><matrix sid="matrix">0.999894 -0.000000 -0.014528 11.534149 0.000000 1.000000 -0.000000 0.000000 0.014528 -0.000000 0.999894 0.058253 0.000000 0.000000 0.000000 1.000000</matrix><extra><technique profile="FCOLLADA"><visibility>1.000000</visibility></technique></extra><node name="joint3" id="joint3" sid="joint3" type="JOINT"><matrix sid="matrix">0.999955 0.000000 0.009478 11.426506 -0.000000 1.000000 0.000000 0.000000 -0.009478 0.000000 0.999955 -0.000000 0.000000 0.000000 0.000000 1.000000</matrix><extra><technique profile="FCOLLADA"><visibility>1.000000</visibility></technique></extra></node></node></node>
      <extra><technique profile="MAX3D"><frame_rate>24.000000</frame_rate></technique><technique profile="FCOLLADA"><start_time>0.041667</start_time><end_time>4.166667</end_time></technique></extra>
    </visual_scene>
  </library_visual_scenes>
  <scene>
    <instance_visual_scene url="#skinBrick"></instance_visual_scene>
  </scene>
</COLLADA>
